 Number XWIN YWIN XWORLD YWORLD MAG MAGERROR FLUX FLUXERROR FLUXRADIUS FWHM BACKGROUND RA DEC BMAG GMAG RMAG BmG BmR GmR
0 2 731.4801 19.9105 272.94063212 -18.379879527 -5.4262 0.1588 148.0764 21.65137 1.7180000000000002 4.19 49.90234 272.9406321000001 -18.3798795 10.0264463 9.70853901 9.19319057 0.31790728999999907 0.8332557299999994 0.5153484400000004
1 3 1764.7388 47.454 273.46904584 -17.90656773 -4.071 0.4755 42.50033 18.60985 0.802 0.99 51.75527 273.4690458 -17.9065677 10.340555199999999 10.0563765 9.60524845 0.28417869999999823 0.7353067499999995 0.4511280500000012
2 4 407.0548 56.6907 272.79657047 -18.549662387999998 -4.7725 0.2684 81.0947 20.04495 1.328 4.06 51.072559999999996 272.79657050000003 -18.5496624 99.0 99.0 99.0 0.0 0.0 0.0
3 5 85.9231 57.7598 272.6361935 -18.701039293 -6.1564 0.093 290.1153 24.851 1.4809999999999999 3.41 52.01055 272.6361935 -18.7010393 9.00399494 8.37405968 7.61007023 0.6299352599999999 1.3939247100000003 0.7639894500000004
4 6 2007.7072 78.6206 273.60514589 -17.806604628 -6.0262 0.1015 257.3169 24.0421 1.146 2.04 51.69409 273.60514589999997 -17.8066046 10.0687923 8.62269592 7.46294546 1.4460963800000002 2.60584684 1.1597504599999997
5 7 1457.0915 124.4274 273.35408094 -18.087769246 -5.2489 0.1825 125.7649 21.129839999999998 2.455 2.5 50.82095 273.3540809 -18.087769199999997 10.684094400000001 10.2897148 9.70528603 0.3943796000000006 0.9788083700000012 0.5844287700000006
6 8 647.9828 149.9285 272.96338428 -18.480825058 -4.7737 0.2682 81.18726 20.04726 1.361 2.68 50.974540000000005 272.96338430000003 -18.4808251 99.0 99.0 99.0 0.0 0.0 0.0
7 9 784.3966 178.4153 273.04545428 -18.429992198 -5.4805 0.1512 155.6685 21.67077 1.2229999999999999 2.55 50.96239 273.0454543 -18.429992199999997 99.0 99.0 99.0 0.0 0.0 0.0
8 10 1380.1602 215.8157 273.36130392 -18.167133065 -5.1999 0.1904 120.2185 21.07842 2.004 3.85 50.7971 273.3613039 -18.1671331 99.0 99.0 99.0 0.0 0.0 0.0
9 11 1573.9415 221.1581 273.46017785 -18.078659109 -3.5994 0.7254 27.527620000000002 18.38765 0.613 0.93 52.34799 273.46017789999996 -18.078659100000003 10.4977732 9.90738583 9.17434597 0.5903873699999984 1.32342723 0.7330398600000017
10 12 914.2877 237.8526 273.13979835 -18.396903654000003 -6.6147 0.068 442.4509 27.686320000000002 1.4509999999999998 2.49 50.93703 273.13979839999996 -18.3969037 8.17229462 8.13983059 8.03110409 0.032464029999999866 0.14119053000000115 0.10872650000000128
11 13 1855.4343 228.6732 273.60378916 -17.949113598 -4.8602 0.2455 87.91717 19.87761 0.893 1.02 52.08705 273.6037892 -17.949113600000004 99.0 99.0 99.0 0.0 0.0 0.0
12 14 816.9728 231.6168 273.08819536 -18.439876323 -5.2534 0.1832 126.292 21.301389999999998 1.8019999999999998 2.21 50.73357 273.0881954 -18.4398763 10.9016542 9.96896267 9.02165127 0.9326915299999996 1.8800029299999998 0.9473114000000002
13 15 1399.538 252.7162 273.3889456 -18.17542585 -5.2757 0.1752 128.9116 20.80235 2.137 1.03 50.727940000000004 273.3889456 -18.1754258 99.0 99.0 99.0 0.0 0.0 0.0
14 16 1128.7349 270.4328 273.26285951 -18.311377230999998 -5.8789 0.1129 224.679 23.35347 1.125 2.27 51.04952 273.26285950000005 -18.3113772 8.82067394 8.82758522 8.79365444 -0.006911279999998854 0.02701950000000153 0.03393078000000038
15 17 54.9084 289.7646 272.73568118 -18.825557057 -4.2363 0.426 49.4914 19.41516 0.99 4.05 52.29398 272.7356812 -18.8255571 9.201243400000001 9.14575481 9.00575161 0.05548859000000128 0.19549179000000017 0.14000319999999888
16 18 1212.9957 310.3832 273.32457129 -18.290684807999998 -4.7474 0.2752 79.2401 20.08286 1.474 3.01 50.84431 273.3245713 -18.2906848 10.4218683 10.277428599999999 10.012691499999999 0.14443970000000128 0.4091768000000009 0.2647370999999996
17 19 1161.6959 320.0664 273.30397828 -18.319404815 -5.203 0.1907 120.5593 21.1664 1.459 2.4 50.884479999999996 273.30397830000004 -18.3194048 10.4212837 9.87492657 9.17276001 0.5463571300000005 1.2485236900000007 0.7021665600000002
18 20 823.5696 327.4659 273.13905493 -18.481840292 -4.9288 0.236 93.65536 20.35585 1.6230000000000002 2.91 50.68148 273.13905489999996 -18.4818403 9.99942303 9.78639793 9.42704487 0.2130251000000012 0.5723781600000013 0.3593530600000001
19 21 1094.6011 336.1419 273.27843524 -18.358572493 -4.9594 0.2312 96.32735 20.503870000000003 1.3630000000000002 2.38 50.944559999999996 273.2784352 -18.3585725 10.155690199999999 9.97843075 9.6391983 0.17725944999999932 0.5164918999999983 0.339232449999999
20 22 437.5425 349.9156 272.95693943 -18.67421777 -4.471 0.3471 61.430130000000005 19.634439999999998 1.19 4.09 52.260329999999996 272.9569394 -18.6742178 10.243598 9.92575073 9.42728996 0.3178472699999997 0.8163080400000009 0.4984607700000012
21 23 728.629 351.2078 273.10303308 -18.537923079000002 -5.1652 0.195 116.4313 20.90781 2.383 2.9 50.6049 273.1030331 -18.537923100000004 11.573452900000001 10.451908099999999 9.41845894 1.1215448000000023 2.1549939600000005 1.0334491599999982
22 24 707.8217 357.248 273.09612517 -18.55049833 -4.823 0.2542 84.9606 19.88815 3.034 3.71 50.75761 273.09612519999996 -18.5504983 11.573452900000001 10.451908099999999 9.41845894 1.1215448000000023 2.1549939600000005 1.0334491599999982
23 25 458.7048 371.3399 272.97798134 -18.674373883 -5.3546 0.1685 138.6233 21.51057 1.0959999999999999 3.08 52.43769 272.9779813 -18.674373899999996 99.0 99.0 99.0 0.0 0.0 0.0
24 26 1645.9912 443.4385 273.6061039 -18.149191779000002 -6.435 0.0766 374.9582 26.43935 1.171 2.16 51.99603 273.6061039 -18.1491918 8.15282154 8.13899899 8.05891323 0.013822550000000433 0.09390830999999977 0.08008575999999934
25 27 439.6633 463.9115 273.0143025 -18.727192166 -5.1633 0.1945 116.2351 20.82222 1.129 2.95 52.181290000000004 273.0143025 -18.727192199999998 99.0 99.0 99.0 0.0 0.0 0.0
26 28 1707.3526 459.6046 273.64465389 -18.127823669 -4.4853 0.3369 62.24811999999999 19.3087 1.069 0.99 52.06455 273.6446539 -18.1278237 10.693408999999999 10.1563597 9.46451187 0.5370492999999996 1.2288971299999982 0.6918478299999986
27 29 627.2327 482.8522 273.11781065 -18.647969121 -4.5785 0.3156 67.8282 19.71126 1.254 3.27 52.07649 273.11781060000004 -18.6479691 10.1319046 9.78724766 9.2703743 0.34465694000000013 0.8615303000000001 0.51687336
28 30 1831.3323 483.8993 273.71827254 -18.080838915999998 -4.5339 0.3305 65.09747 19.81299 0.9670000000000001 3.05 51.9471 273.7182725 -18.0808389 10.8999767 9.77167892 8.72161865 1.1282977800000005 2.17835805 1.0500602699999995
29 31 1198.0331 501.515 273.41186129 -18.387873431 -6.7692 0.0614 510.1304 28.82422 1.126 2.26 51.85322 273.4118613 -18.3878734 7.78706789 7.77063227 7.69948959 0.016435620000000206 0.08757830000000055 0.07114268000000035
30 32 1130.8233 531.9173 273.39358248 -18.434005303 -4.8406 0.2538 86.34433 20.17547 1.37 3.84 51.401 273.39358250000004 -18.434005300000003 10.056620599999999 9.85720348 9.49401855 0.1994171199999979 0.5626020499999989 0.36318493000000096
31 33 412.7533 533.9364 273.03598482 -18.77296207 -4.6179 0.3053 70.33022 19.774620000000002 1.3259999999999998 4.06 52.15075 273.03598480000005 -18.7729621 10.3713131 9.66686249 8.85621929 0.7044506100000003 1.5150938099999998 0.8106431999999995
32 34 823.6429 543.2236 273.24574838 -18.584134951 -4.5991 0.3061 69.12441 19.48595 0.932 2.28 52.26275 273.24574839999997 -18.584135 99.0 99.0 99.0 0.0 0.0 0.0
33 35 1340.2231 549.0511 273.50633934 -18.343257812 -4.358 0.3821 55.3587 19.47922 1.085 2.51 52.1446 273.50633930000004 -18.3432578 11.122386 10.097330099999999 9.10179234 1.0250559000000017 2.020593660000001 0.9955377599999995
34 36 1524.1048 583.7754 273.61503488 -18.27296418 -5.9246 0.1095 234.3419 23.630979999999997 1.4369999999999998 2.53 51.80369 273.6150349 -18.2729642 99.0 99.0 99.0 0.0 0.0 0.0
35 37 260.7071 591.1076 272.98798241 -18.871461234 -5.5519 0.1442 166.2464 22.066979999999997 1.304 4.61 52.27528 272.98798239999996 -18.8714612 13.0232344 8.50557327 6.83031654 4.5176611300000005 6.19291786 1.6752567299999992
36 38 1889.1641 616.7046 273.8128966 -18.116130614 -4.9928 0.2241 99.3418 20.49505 2.1390000000000002 2.05 51.84205 273.8128966 -18.1161306 99.0 99.0 99.0 0.0 0.0 0.0
37 39 1116.9299 614.0247 273.42732725 -18.479376255 -2.79 1.519 13.06127 18.26928 0.39399999999999996 2.7 51.9518 273.4273272 -18.479376300000002 12.559948 10.0702486 8.66206551 2.489699400000001 3.8978824900000006 1.4081830899999996
38 40 1144.7289 619.8337 273.44407093 -18.468868324000002 -5.2858 0.1772 130.1149 21.23253 1.011 2.32 52.04287 273.4440709 -18.4688683 10.7773037 9.21622753 8.0031786 1.5610761699999998 2.774125099999999 1.2130489299999994
39 41 1417.0754 638.4298 273.58891172 -18.349244854000002 -5.4219 0.1593 147.4921 21.63787 1.229 2.85 52.03941 273.5889117 -18.3492449 10.2386894 9.29997253 8.35057926 0.9387168700000004 1.8881101400000002 0.9493932699999998
40 42 639.6394 692.2159 273.22757887 -18.741016488 -4.7137 0.2819 76.82217 19.93809 1.0979999999999999 3.13 52.14346 273.22757889999997 -18.7410165 99.0 99.0 99.0 0.0 0.0 0.0
41 43 1691.4565 706.7181 273.75925064 -18.251968026 -4.7279 0.2797 77.83457 20.04784 1.168 3.68 51.99323 273.75925060000003 -18.251967999999998 10.921750999999999 10.136754 9.24785042 0.7849969999999988 1.673900579999998 0.8889035799999991
42 44 406.7408 715.9949 273.12321902 -18.861898087 -6.2776 0.0853 324.3649 25.46461 1.5419999999999998 4.42 52.248670000000004 273.123219 -18.8618981 9.42415619 8.52293491 7.59353495 0.9012212799999997 1.8306212400000001 0.9293999600000005
43 45 1116.8656 724.6012 273.48193076 -18.531438103 -4.73 0.2757 77.98656 19.79748 1.077 2.01 51.34903 273.48193080000004 -18.531438100000003 99.0 99.0 99.0 0.0 0.0 0.0
44 46 26.8131 728.1097 272.93852628 -19.04638016 -5.211 0.188 121.4478 21.02744 1.261 4.98 52.407340000000005 272.93852630000004 -19.046380199999998 9.20136738 9.13338757 8.92174435 0.06797981000000064 0.2796230299999998 0.21164321999999913
45 47 1370.218 1015.4682 273.75291296 -18.549103818 -7.3859 0.0422 900.2844 34.99094 1.171 2.22 51.851890000000004 273.752913 -18.5491038 7.53560162 7.29717255 6.88883114 0.23842906999999958 0.6467704799999998 0.40834141000000024
46 48 1912.7311 2014.3806 274.52060521 -18.762012536 -6.9196 0.0555 585.9216 29.9416 1.314 2.95 51.69983 274.5206052 -18.7620125 8.77928352 7.89476919 6.96972799 0.88451433 1.80955553 0.9250411999999999
47 49 1321.8837 2006.7022 274.22294062 -19.03833908 -5.0591 0.2132 105.596 20.72866 1.464 3.93 51.942809999999994 274.2229406 -19.0383391 99.0 99.0 99.0 0.0 0.0 0.0
48 50 1822.9201 2001.3771 274.46951839 -18.79839818 -7.7933 0.0338 1310.172 40.79995 1.445 4.3 51.6971 274.46951839999997 -18.798398199999998 6.71992064 6.70989847 6.64388657 0.010022170000000052 0.07603406999999951 0.06601189999999946
49 51 1193.2045 1999.572 274.1553774 -19.095963317 -5.0219 0.2197 102.0394 20.642689999999998 1.008 1.94 52.052209999999995 274.15537739999996 -19.0959633 9.92752647 9.35926151 8.64107227 0.5682649600000005 1.2864541999999997 0.7181892399999992
50 52 1841.829 1988.5193 274.47245571 -18.783594813 -5.6035 0.1391 174.33900000000003 22.325329999999997 1.78 3.45 51.66088 274.4724557 -18.7835948 6.71992064 6.70989847 6.64388657 0.010022170000000052 0.07603406999999951 0.06601189999999946
51 53 511.2811 1977.4582 273.80342696 -19.407838380999998 -5.1226 0.2033 111.9539 20.96213 1.8090000000000002 3.86 51.87239 273.803427 -19.4078384 11.1430616 9.99488163 8.92940617 1.1481799699999993 2.2136554299999993 1.06547546
52 54 307.8561 1965.5704 273.6958253 -19.49827665 -4.3925 0.3727 57.1463 19.61131 0.9670000000000001 3.42 52.174820000000004 273.6958253 -19.498276699999998 99.0 99.0 99.0 0.0 0.0 0.0
53 55 864.6222 1959.3691 273.97137052 -19.232354189000002 -5.0378 0.2169 103.5458 20.67915 1.2690000000000001 2.85 51.93913 273.97137050000003 -19.2323542 10.399579 9.613164900000001 8.74657726 0.7864140999999982 1.6530017399999988 0.8665876400000005
54 56 1419.8441 1957.337 274.24708522 -18.968726477 -7.4727 0.0401 975.1284 36.04455 1.272 2.46 51.90461 274.2470852 -18.968726500000002 99.0 99.0 99.0 0.0 0.0 0.0
55 57 700.1405 1942.007 273.88050063 -19.301991664000003 -5.2452 0.1837 125.3402 21.19956 1.238 3.0 51.93953 273.8805006 -19.3019917 9.46565723 9.33991909 9.07755566 0.12573813999999928 0.3881015699999999 0.2623634300000006
56 58 1956.3361 1930.295 274.50017739 -18.701838134000003 -7.3544 0.0432 874.4726 34.766090000000005 1.483 5.56 51.527229999999996 274.5001774 -18.701838100000003 7.74176025 7.16625261 6.41925812 0.5755076399999997 1.3225021299999993 0.7469944899999996
57 59 1382.013 1915.4075 274.20723498 -18.966842865 -5.094 0.2065 109.0404 20.73031 1.1179999999999999 4.37 51.96262 274.207235 -18.966842899999996 9.36295414 9.13119984 8.69582748 0.23175429999999864 0.6671266599999992 0.43537236000000057
58 60 1555.6845 1899.367 274.28558397 -18.877148057 -5.2537 0.1825 126.3235 21.222739999999998 1.579 3.39 51.7961 274.285584 -18.877148100000003 99.0 99.0 99.0 0.0 0.0 0.0
59 61 1621.0066 1888.7235 274.31307255 -18.841253749 -5.3498 0.1685 138.0095 21.41763 2.346 3.22 51.63671 274.31307250000003 -18.8412537 10.4781704 10.2916107 9.96800041 0.1865597000000001 0.5101699899999996 0.3236102899999995
60 62 780.3121 1876.078 273.88760543 -19.23300754 -5.4426 0.1568 150.3349 21.70346 1.348 3.19 51.93606 273.8876053999999 -19.233007500000003 99.0 99.0 99.0 0.0 0.0 0.0
61 63 1633.0323 1863.1343 274.306114 -18.823466006 -5.9273 0.1093 234.9105 23.64301 1.735 3.83 51.66088 274.30611400000004 -18.823466 9.1089201 9.02007103 8.79041672 0.0888490700000002 0.318503380000001 0.2296543100000008
62 64 830.3934 1863.1216 273.90608925 -19.203303387000002 -5.4299 0.1595 148.5833 21.81835 1.4040000000000001 3.26 51.96456 273.9060892 -19.2033034 9.64997482 9.36766338 8.90965843 0.28231144000000086 0.7403163900000003 0.4580049499999994
63 65 1461.0316 1830.1721 274.20395205 -18.889435148 -5.2168 0.1886 122.1045 21.20287 1.604 2.52 51.88147 274.203952 -18.889435100000004 99.0 99.0 99.0 0.0 0.0 0.0
64 66 356.6178 1830.1391 273.65256223 -19.411457963 -5.3489 0.1687 137.8954 21.41497 1.4880000000000002 4.59 52.06187 273.6525622 -19.411458 9.57773685 9.03246212 8.32616138 0.5452747300000009 1.2515754700000006 0.7063007399999996
65 67 1277.3688 1822.9008 274.10894143 -18.972993269 -5.5387 0.1461 164.2421 22.09804 1.077 2.05 52.11468 274.1089414 -18.972993300000002 8.8797636 8.77735615 8.54450417 0.10240745000000118 0.3352594300000007 0.23285197999999951
66 68 423.7656 1806.6769 273.67434953 -19.368831714000002 -6.3013 0.0828 331.5199 25.27295 1.444 3.39 52.0586 273.6743495 -19.368831699999998 9.59759903 8.30330658 7.1795826 1.2942924500000004 2.4180164299999998 1.1237239799999994
67 69 1449.6203 1802.6731 274.18467781 -18.881763885999998 -4.5919 0.3134 68.66806 19.8179 1.317 2.87 51.9375 274.1846778 -18.8817639 99.0 99.0 99.0 0.0 0.0 0.0
68 70 1414.2379 1797.5678 274.16455614 -18.896176524 -3.2007 1.0235 19.06624 17.96921 0.603 0.97 51.96958 274.1645561 -18.896176500000003 10.122508999999999 10.0584927 9.89832306 0.0640162999999987 0.22418593999999992 0.16016964000000122
69 71 1335.922 1796.4623 274.12483305 -18.932550895 -4.2005 0.4354 47.88644 19.19875 1.273 3.92 52.13662 274.12483310000005 -18.9325509 10.593240699999999 10.5135498 10.327050199999999 0.07969089999999923 0.26619050000000044 0.1864996000000012
70 72 917.8858 1792.4386 273.91450956 -19.128684635 -4.6896 0.2876 75.13466 19.89573 1.087 2.34 52.07911 273.91450960000003 -19.128684600000003 99.0 99.0 99.0 0.0 0.0 0.0
71 73 1290.9618 1777.9954 274.09323578 -18.945660454000002 -2.8724 1.4173 14.09097 18.38946 0.466 2.19 52.198209999999996 274.0932358 -18.945660500000002 10.4411964 10.2209072 9.84647274 0.22028920000000163 0.5947236600000014 0.3744344599999998
72 74 1485.7809 1774.8063 274.18893311 -18.851555915 -4.8833 0.245 89.81214 20.261229999999998 1.768 2.26 51.87378 274.18893310000004 -18.851555899999997 11.0489655 10.4015064 9.62875366 0.647459099999999 1.4202118400000003 0.7727527400000014
73 75 994.1713 1752.068 273.93239618 -19.07349574 -3.6967 0.6756 30.10868 18.73003 0.695 3.61 52.22571 273.93239619999997 -19.0734957 11.2774439 10.2006273 9.18196774 1.076816599999999 2.0954761600000005 1.0186595600000015
74 76 1776.0496 1743.7885 274.31745079 -18.699921688 -4.7561 0.2721 79.87679 20.01455 1.604 2.56 51.82228 274.3174508 -18.6999217 10.655282000000001 10.282584199999999 9.71824932 0.37269780000000274 0.9370326800000015 0.5643348799999988
75 77 528.3773 1740.1029 273.69355377 -19.288101794 -3.9002 0.5704 36.31388 19.072779999999998 0.852 3.6 52.11736 273.6935538 -19.2881018 12.546189300000002 9.40506077 7.95312786 3.1411285300000014 4.593061440000001 1.45193291
76 78 713.0677 1736.0206 273.78412722 -19.198816087 -1.7575 3.884 5.046556 18.0486 0.349 3.2 52.2239 273.7841272 -19.198816100000002 99.0 99.0 99.0 0.0 0.0 0.0
77 79 820.1914 1673.6839 273.80638659 -19.118972065999998 -6.047 0.1003 262.3097 24.215510000000002 1.147 2.46 52.132509999999996 273.80638660000005 -19.1189721 9.05919552 8.40953255 7.63210249 0.6496629699999996 1.427093029999999 0.7774300599999995
78 80 1128.5071 1631.9026 273.93939994 -18.953449464000002 -6.1447 0.0935 286.9865 24.71978 0.932 1.96 52.3044 273.93939989999996 -18.953449499999998 99.0 99.0 99.0 0.0 0.0 0.0
79 81 1178.0419 1591.4087 273.94389455 -18.911020238 -5.6736 0.1319 185.9675 22.58426 1.155 2.2 52.059490000000004 273.9438946 -18.9110202 99.0 99.0 99.0 0.0 0.0 0.0
80 82 1840.2612 1589.1474 274.27232558 -18.596697664 -5.2963 0.1764 131.3806 21.34155 1.9709999999999999 3.73 51.7054 274.2723256 -18.5966977 99.0 99.0 99.0 0.0 0.0 0.0
81 83 403.4151 1588.6154 273.55559707 -19.275501456 -4.3693 0.37 55.939640000000004 19.056279999999997 0.983 1.01 52.03716 273.55559710000006 -19.2755015 10.1754704 9.99023151 9.64143181 0.18523889000000082 0.5340385899999998 0.34879969999999894
82 84 1404.5947 1580.5696 274.05137981 -18.79882464 -6.5262 0.0714 407.8413 26.803340000000002 1.348 3.83 51.864290000000004 274.0513798 -18.7988246 8.09996796 8.07672787 7.97446203 0.0232400900000016 0.125505930000001 0.10226583999999939
83 85 947.5106 1567.3821 273.81700495 -19.008503645999998 -5.348 0.1688 137.7834 21.41235 1.584 3.54 51.95622 273.817005 -19.0085036 9.90512943 9.87268162 9.76750755 0.03244781000000074 0.13762188000000108 0.10517407000000034
84 86 1049.047 1558.8319 273.86337272 -18.956651271 -3.9876 0.5236 39.35742 18.97532 0.81 4.02 52.08063 273.8633727 -18.9566513 99.0 99.0 99.0 0.0 0.0 0.0
85 87 1402.4878 1450.8408 273.98559842 -18.738655374 -4.9636 0.2266 96.70384 20.18122 1.08 3.24 51.8694 273.98559839999996 -18.7386554 9.63832664 9.37078571 8.93590546 0.2675409300000009 0.70242118 0.4348802499999991
86 88 223.8823 1448.3707 273.39558391 -19.294013311 -5.3106 0.1744 133.1169 21.382189999999998 1.258 3.51 52.04712 273.39558389999996 -19.2940133 99.0 99.0 99.0 0.0 0.0 0.0
87 89 475.6041 1436.908 273.51611349 -19.17001304 -5.1017 0.2052 109.8239 20.7492 1.545 3.42 51.80048 273.51611349999996 -19.170013 9.79963875 9.67218494 9.40591812 0.12745381000000044 0.3937206299999989 0.26626681999999846
88 90 950.7495 1432.5464 273.75134376 -18.943653363 -6.665 0.0653 463.4383 27.88175 1.128 2.13 52.0783 273.75134380000003 -18.9436534 8.07315922 8.03762341 7.90843534 0.03553581000000072 0.16472388000000127 0.12918807000000054
89 91 310.6433 1429.1025 273.42929718 -19.244104362999998 -6.5467 0.0719 415.5947 27.50555 1.48 5.02 52.08909 273.4292972 -19.244104399999998 9.60962105 8.03673744 6.82934809 1.5728836099999999 2.7802729599999996 1.2073893499999997
90 92 2034.4033 1427.6761 274.28756735 -18.428509377 -5.2003 0.1904 120.2638 21.07949 2.77 3.25 51.57952 274.28756739999994 -18.4285094 99.0 99.0 99.0 0.0 0.0 0.0
91 93 1686.8444 1416.924 274.11016529 -18.588418381 -5.3744 0.1653 141.1818 21.49156 2.146 2.19 51.79634 274.1101653 -18.5884184 10.7478104 9.91063404 9.02032375 0.8371763600000008 1.7274866500000012 0.8903102900000004
92 94 1917.6144 1385.7721 274.20928693 -18.464453183 -6.0137 0.1024 254.37900000000002 23.98092 1.5430000000000001 3.44 51.6874 274.2092869 -18.4644532 99.0 99.0 99.0 0.0 0.0 0.0
93 95 636.9955 1384.9208 273.57084738 -19.06914588 -5.2586 0.1811 126.8879 21.1564 1.66 4.28 52.05103 273.5708474 -19.0691459 9.51990986 9.52775574 9.42483807 -0.007845879999999639 0.09507179000000043 0.10291767000000007
94 96 376.6153 1384.6638 273.44070952 -19.192059346 -4.4685 0.3478 61.29221 19.63093 1.419 4.26 51.97384 273.4407095 -19.1920593 10.2169142 10.1302557 9.94604111 0.08665850000000042 0.27087309000000026 0.18421458999999984
95 97 885.9658 1247.9883 273.62687705 -18.887315314000002 -3.1173 1.137 17.656570000000002 18.48615 0.524 1.88 52.36233 273.626877 -18.8873153 9.95304489 9.88602543 9.72196388 0.06701945999999914 0.2310810099999987 0.16406154999999956
96 98 809.1847 1172.8437 273.55127899 -18.888110203 -4.1074 0.4719 43.95026 19.09596 1.0490000000000002 2.54 52.01027 273.551279 -18.8881102 10.067703199999999 9.98887825 9.80982399 0.07882494999999778 0.2578792099999987 0.1790542600000009
97 99 1169.4992 1169.4237 273.72954859 -18.716430815 -4.9894 0.2219 99.03227 20.23883 0.9179999999999999 2.41 51.97893 273.7295486 -18.7164308 10.9503174 9.57728195 8.41529465 1.3730354499999997 2.5350227499999995 1.1619872999999998
98 100 1721.2756 1120.7515 273.97980743 -18.432654058 -6.4931 0.0731 395.5868 26.6372 1.629 3.31 51.60125 273.97980739999997 -18.432654100000004 8.42088699 8.39688301 8.28430939 0.024003979999999814 0.13657759999999897 0.11257361999999915
99 101 1972.5093 1113.4404 274.10107814 -18.310529746 -5.0125 0.2178 101.1585 20.29129 2.11 4.13 51.60431 274.10107810000005 -18.3105297 12.3984804 10.609585800000001 9.36539841 1.788894599999999 3.0330819900000012 1.2441873900000022
100 102 1363.2155 1081.9635 273.78245208 -18.583573528 -6.6611 0.0659 461.783 28.03327 1.2590000000000001 3.32 51.66525 273.7824521 -18.5835735 9.28115082 8.38617611 7.46100283 0.8949747100000014 1.8201479900000006 0.9251732799999992
101 104 1700.9009 1076.7611 273.94836623 -18.422133815 -5.3301 0.1712 135.5295 21.35966 2.983 2.51 51.62917 273.9483662 -18.4221338 9.91061306 9.81684399 9.6108284 0.09376906999999868 0.2997846599999985 0.2060155899999998
102 105 952.8664 988.9779 273.53154205 -18.733471124 -6.1099 0.0956 277.9449 24.46733 1.361 3.67 51.84962 273.531542 -18.733471100000003 9.35236931 8.72332287 7.96644306 0.6290464399999998 1.3859262500000007 0.7568798100000009
103 106 2022.4295 984.3301 274.06151587 -18.226148022 -5.5654 0.1422 168.3263 22.0376 1.745 3.9 51.58737 274.0615159 -18.226148000000002 99.0 99.0 99.0 0.0 0.0 0.0
104 107 783.3892 984.0809 273.44477717 -18.811274877 -5.3926 0.1612 143.564 21.3106 1.3619999999999999 2.42 51.99203 273.4447772 -18.811274899999997 8.56720448 8.42021561 8.11763477 0.1469888699999995 0.4495697099999987 0.3025808399999992
105 108 782.7986 981.3358 273.44288442 -18.810018109 -6.0518 0.0996 263.4572 24.16946 1.2570000000000001 2.05 51.99777 273.44288439999997 -18.8100181 8.56720448 8.42021561 8.11763477 0.1469888699999995 0.4495697099999987 0.3025808399999992
106 109 777.7888 980.0494 273.43996304 -18.811887729000002 -4.8689 0.2479 88.62195 20.23184 1.371 1.74 51.98487 273.439963 -18.811887699999996 8.56720448 8.42021561 8.11763477 0.1469888699999995 0.4495697099999987 0.3025808399999992
107 110 1990.4924 976.4839 274.04186889 -18.237882866 -5.3182 0.1728 134.0513 21.325029999999998 2.7289999999999996 3.28 51.58706 274.0418689 -18.2378829 10.432070699999999 10.2123299 9.82574749 0.21974079999999852 0.6063232099999993 0.3865824100000008
108 111 860.6892 961.7247 273.47205613 -18.764101926 -7.0159 0.0526 640.2563 30.99938 1.189 2.24 52.00166 273.47205610000003 -18.764101899999996 99.0 99.0 99.0 0.0 0.0 0.0
109 112 1395.4542 958.5412 273.73711135 -18.510257672999998 -4.0977 0.4647 43.560970000000005 18.63832 0.86 1.08 51.9428 273.73711139999995 -18.5102577 11.567260699999999 10.2716913 9.16825008 1.295569399999998 2.3990106199999985 1.1034412200000006
110 113 1735.3657 946.3967 273.90024163 -18.344004374 -5.2507 0.1801 125.9711 20.89375 1.016 1.01 51.88673 273.9002416 -18.3440044 99.0 99.0 99.0 0.0 0.0 0.0
111 114 316.7277 939.0524 273.18862293 -19.009812455 -5.5233 0.1473 161.9213 21.968770000000003 1.431 5.44 52.17483 273.1886229 -19.0098125 10.4761972 8.63664436 7.35452604 1.8395528399999996 3.12167116 1.2821183200000004
112 115 1687.3954 924.164 273.86531902 -18.356228491 -6.2086 0.0894 304.3849 25.069229999999997 1.3 3.13 51.86981 273.865319 -18.3562285 8.80286884 8.50567532 8.00748634 0.29719352000000043 0.7953825000000005 0.4981889800000001
113 116 761.9879 923.4822 273.40367848 -18.792659010999998 -4.327 0.3941 53.8044 19.525920000000003 0.97 4.19 52.10358 273.4036785 -18.792659 9.77987766 9.76324749 9.69865131 0.016630170000000888 0.08122634999999967 0.06459617999999878
114 117 1930.7218 919.6953 273.98392872 -18.239018168 -7.0483 0.0516 659.6375 31.364290000000004 1.5530000000000002 5.72 51.91203 273.9839287 -18.2390182 7.77782583 7.63905096 7.33948469 0.13877487000000066 0.43834114000000035 0.2995662699999997
115 118 1957.4439 841.7979 273.95844005 -18.18991795 -5.2981 0.1755 131.5925 21.2673 1.499 4.21 51.93 273.9584401 -18.189917899999998 99.0 99.0 99.0 0.0 0.0 0.0
116 119 993.9952 834.193 273.47506681 -18.641021308 -4.1816 0.4426 47.05897 19.17718 0.9359999999999999 4.06 52.23957 273.4750668 -18.641021300000002 11.1937571 9.97397423 8.89576626 1.2197828699999995 2.297990839999999 1.0782079699999993
117 120 488.1918 834.3218 273.22254187 -18.879476052 -4.2883 0.4038 51.91851 19.30347 1.145 3.3 52.090559999999996 273.22254189999995 -18.8794761 99.0 99.0 99.0 0.0 0.0 0.0
118 122 1588.5237 785.9482 273.74737065 -18.337836519 -4.2988 0.402 52.42355 19.40373 0.968 2.21 52.05758 273.7473706 -18.337836499999998 12.292311699999999 10.0545177 8.70681 2.237793999999999 3.5855016999999982 1.347707699999999
119 123 1360.2296 774.1634 273.62787725 -18.439974145999997 -4.5412 0.3257 65.53588 19.65302 1.2329999999999999 2.62 52.192209999999996 273.6278772 -18.4399741 99.0 99.0 99.0 0.0 0.0 0.0
120 124 45.1752 773.4094 272.97049081 -19.059102965999998 -5.4022 0.1606 144.8396 21.41946 1.32 3.86 52.327909999999996 272.97049080000005 -19.059103 99.0 99.0 99.0 0.0 0.0 0.0
121 125 301.713 1720.5102 273.57022764 -19.385808368 -4.5243 0.3274 64.52631 19.45456 1.028 3.19 52.26547 273.5702276 -19.3858084 10.1121435 9.53235054 8.80482483 0.5797929600000007 1.3073186700000008 0.7275257100000001
122 126 419.9828 1721.3628 273.62981519 -19.330418689000002 -3.8414 0.5977 34.40164 18.93365 0.927 2.89 52.26867 273.6298152 -19.3304187 9.83454227 9.81287193 9.69068909 0.02167034000000001 0.1438531800000007 0.12218284000000068
123 127 674.3095 1718.0793 273.75567833 -19.208675927 -5.152 0.1971 115.0247 20.87415 1.105 3.09 52.23117 273.75567830000006 -19.2086759 9.21366501 9.13781166 8.91945267 0.07585334999999915 0.29421233999999963 0.21835899000000047
124 128 618.5515 1706.4074 273.72185043 -19.229534344 -4.9115 0.2404 92.16986 20.40223 0.855 2.62 52.21369 273.7218504 -19.2295343 9.21102905 9.05885029 8.77480125 0.15217875999999997 0.43622780000000105 0.2840490400000011
125 129 1504.2352 1696.7071 274.15891712 -18.80626132 -7.5529 0.0383 1049.921 37.06754 1.122 2.0 51.85818 274.1589171 -18.806261300000003 99.0 99.0 99.0 0.0 0.0 0.0
126 130 1211.3631 1635.629 273.98262714 -18.916052247 -4.1247 0.4584 44.6544 18.84761 0.919 0.98 52.13053 273.9826271 -18.9160522 10.251686099999999 10.1280317 9.86981583 0.1236543999999995 0.3818702699999985 0.258215869999999
127 131 1513.7811 1604.1308 274.11755173 -18.758294304 -5.2818 0.1778 129.6345 21.22121 1.9 3.94 51.612790000000004 274.1175517 -18.7582943 9.84436226 9.74180603 9.50829124 0.10255623000000114 0.33607102000000033 0.2335147899999992
128 132 1697.7897 1619.8367 274.21681606 -18.678386267 -5.3058 0.1744 132.5328 21.28939 1.639 3.57 51.821999999999996 274.2168161 -18.6783863 9.50075054 9.52154922 9.51416874 -0.020798680000000402 -0.013418200000000269 0.007380480000000134
129 135 1467.0349 1593.4493 274.08882692 -18.775340807 -4.8878 0.2441 90.18008 20.270310000000002 1.374 1.82 51.87659 274.08882689999996 -18.7753408 12.9645329 9.89626312 8.38717842 3.0682697799999996 4.57735448 1.5090847000000007
130 136 1085.9082 1528.8491 273.86677173 -18.925200121 -7.892 0.0317 1434.806 41.93909 1.149 2.22 52.273109999999996 273.86677169999996 -18.9252001 8.11408329 6.70335102 5.54557657 1.4107322699999996 2.5685067200000002 1.1577744500000007
131 137 967.897 1554.0578 273.82047206 -18.992775656 -7.2735 0.0452 811.7338 33.7519 1.1909999999999998 2.15 51.933659999999996 273.8204721 -18.9927757 7.07639599 7.03687191 6.9141674 0.03952407999999963 0.16222858999999978 0.12270451000000016
132 138 1486.7621 1533.3934 274.06907401 -18.737244714000003 -5.2986 0.1761 131.6593 21.34808 2.8280000000000003 4.21 51.68909 274.069074 -18.737244699999998 10.0167761 9.94112873 9.76106262 0.07564736999999866 0.25571347999999894 0.18006611000000028
133 139 1907.0286 1537.4448 274.27953571 -18.540549026 -5.5576 0.144 167.1321 22.16333 1.263 3.22 51.747209999999995 274.2795357 -18.540549 9.87892628 9.06286621 8.18277645 0.8160600700000007 1.6961498299999995 0.8800897599999988
134 140 1234.6577 1473.8584 273.91352893 -18.829042326 -4.578 0.3171 67.79744000000001 19.79593 1.337 2.9 52.05523 273.91352889999996 -18.8290423 10.807780300000001 10.1488533 9.36950779 0.6589270000000003 1.438272510000001 0.7793455100000006
135 141 1825.6075 1474.1544 274.20770259 -18.549443575999998 -5.5643 0.1428 168.1663 22.11044 1.6980000000000002 4.17 51.6476 274.2077026 -18.5494436 99.0 99.0 99.0 0.0 0.0 0.0
136 142 456.5056 1481.4145 273.52861948 -19.200078233 -5.7075 0.1277 191.8746 22.56555 1.864 3.72 51.81106 273.5286195 -19.2000782 9.43238831 9.17675591 8.73398781 0.25563239999999965 0.6984005 0.44276810000000033
137 143 543.4783 1456.0595 273.56000443 -19.146861009000002 -4.8988 0.2419 91.10213 20.293039999999998 2.77 2.91 51.8417 273.56000439999997 -19.146860999999998 99.0 99.0 99.0 0.0 0.0 0.0
138 144 871.235 1453.2944 273.72203529 -18.990947715999997 -4.5499 0.3247 66.06497 19.75212 0.94 1.94 51.97118 273.7220353 -18.9909477 10.0923462 10.0732412 10.0011749 0.019104999999999706 0.09117129999999918 0.07206629999999947
139 145 722.9655 1444.1828 273.64335686 -19.056687745 -5.8906 0.1123 227.1192 23.47766 1.216 1.94 52.04515 273.64335689999996 -19.056687699999998 8.48085976 8.48342323 8.42265606 -0.002563470000000123 0.05820369999999997 0.06076717000000009
140 146 1379.3377 1374.9175 273.93640776 -18.713933939 -4.233 0.4234 49.34001 19.23656 1.252 2.9 52.05243 273.93640780000004 -18.713933899999997 10.9021511 10.6048212 10.135355 0.29732989999999937 0.7667960999999988 0.4694661999999994
141 147 1574.7696 1365.9121 274.02915236 -18.61743896 -4.7485 0.2738 79.32523 20.000770000000003 1.646 3.1 51.773740000000004 274.0291524 -18.617439 11.1988831 10.4314556 9.5820837 0.7674275000000002 1.6167993999999997 0.8493718999999995
142 148 497.9577 1346.2905 273.48191213 -19.116661623 -5.181 0.1926 118.1374 20.94857 1.3019999999999998 3.22 51.84718 273.48191210000005 -19.1166616 99.0 99.0 99.0 0.0 0.0 0.0
143 149 1653.3553 1349.0646 274.05987549 -18.57221057 -5.3476 0.1688 137.7295 21.411089999999998 1.344 2.32 51.77554 274.0598755 -18.572210600000002 11.6455603 9.50108242 8.16418171 2.14447788 3.4813785900000003 1.33690071
144 150 1488.0972 1343.2612 273.97480459 -18.647926767999998 -4.4307 0.3576 59.194359999999996 19.491020000000002 1.334 2.47 51.895559999999996 273.9748046 -18.6479268 10.355855 10.9159212 10.125210800000001 -0.5600661999999996 0.23064419999999863 0.7907103999999983
145 151 1046.756 1336.0318 273.75107125 -18.853059265 -3.4971 0.81 25.051389999999998 18.68509 0.578 2.49 52.25513 273.75107119999996 -18.853059299999998 11.4947433 9.68252754 8.40737152 1.812215759999999 3.08737178 1.2751560200000007
146 152 897.9977 1312.9534 273.66520449 -18.912128694 -1.8253 3.6696 5.371651 18.15084 0.259 2.26 52.28679 273.6652045 -18.912128699999997 99.0 99.0 99.0 0.0 0.0 0.0
147 153 1956.6685 1312.8056 274.19250577 -18.411854654000003 -5.3178 0.1735 134.0078 21.403010000000002 1.6740000000000002 2.88 51.84088 274.1925058 -18.4118547 9.87030792 9.78072929 9.56600666 0.0895786300000001 0.3043012600000008 0.2147226300000007
148 154 141.7065 1252.1954 273.25690244 -19.239948548 -4.6998 0.2851 75.84324000000001 19.913529999999998 1.195 4.12 52.362159999999996 273.2569024 -19.239948499999997 9.79459572 9.31398869 8.67251015 0.4806070299999998 1.1220855699999994 0.6414785399999996
149 156 1377.3936 1261.2339 273.87870374 -18.661296129 -8.4946 0.0231 2499.529 53.105880000000006 1.163 3.25 52.22991 273.8787037 -18.6612961 6.08515739 5.96435022 5.694592 0.12080716999999996 0.3905653899999999 0.26975821999999994
150 157 1442.8184 1205.573 273.88359849 -18.604254083 -5.4493 0.156 151.2647 21.724870000000003 0.945 2.24 52.03391 273.8835985 -18.604254100000002 9.52608299 8.86903095 8.08333492 0.65705204 1.4427480700000004 0.7856960300000004
151 158 1059.1772 1177.4388 273.67857342 -18.772148311 -3.4539 0.8168 24.07474 18.10803 0.6890000000000001 0.97 52.1781 273.67857339999995 -18.7721483 8.31945705 7.11083126 6.03123951 1.2086257900000001 2.2882175400000007 1.0795917500000005
152 159 1054.9608 1196.5244 273.68577812 -18.783227476 -7.6063 0.0372 1102.897 37.73065 1.065 1.99 52.19337 273.68577810000005 -18.7832275 8.31945705 7.11083126 6.03123951 1.2086257900000001 2.2882175400000007 1.0795917500000005
153 160 2002.215 1228.6291 274.17312345 -18.350608430999998 -3.9318 0.5522 37.38834 19.01235 1.079 3.25 51.98211 274.17312339999995 -18.3506084 11.610639599999999 10.4956961 9.46575069 1.114943499999999 2.144888909999999 1.0299454099999998
154 161 1803.1093 1215.9265 274.06784675 -18.43882496 -5.5258 0.1476 162.3018 22.05409 1.168 2.11 51.88427 274.06784669999996 -18.438825 9.110698699999999 9.00910187 8.77314758 0.1015968299999983 0.33755111999999876 0.23595429000000046
155 162 614.0193 1193.6045 273.46401351 -18.989868755 -5.6796 0.1309 186.9935 22.53218 1.3559999999999999 2.92 51.97211 273.46401349999996 -18.9898688 8.77915764 8.63167953 8.32577229 0.14747810999999977 0.4533853499999996 0.3059072399999998
156 163 998.2268 1154.9631 273.63680116 -18.790456086 -5.5749 0.1416 169.8115 22.14762 1.1840000000000002 2.17 52.035090000000004 273.63680120000004 -18.7904561 9.95410824 9.18376923 8.32932091 0.7703390100000007 1.6247873300000002 0.8544483199999995
157 164 2004.0608 1133.2398 274.12653948 -18.304747613 -5.4892 0.1513 156.9179 21.854589999999998 1.516 3.43 51.702729999999995 274.1265395 -18.304747600000002 10.937705000000001 9.42858315 8.25657082 1.5091218500000014 2.681134180000001 1.1720123299999994
158 165 2018.7503 1082.7694 274.1077881 -18.275009187000002 -5.7744 0.1442 204.0631 27.093740000000004 5.143 4.45 51.44652 274.1077881 -18.2750092 99.0 99.0 99.0 0.0 0.0 0.0
159 166 890.8149 991.757 273.50196462 -18.764353219 -4.6462 0.2982 72.18825 19.82154 1.599 2.91 51.90217 273.5019646 -18.764353200000002 10.4272766 10.3214493 10.100605 0.1058273000000014 0.32667160000000095 0.22084429999999955
160 167 1482.1265 1042.4307 273.82192041 -18.508675775 -5.9868 0.1044 248.1508 23.85071 1.6219999999999999 4.86 51.81818 273.8219204 -18.5086758 11.1959486 8.98763847 7.63388634 2.208310129999999 3.5620622599999994 1.3537521300000002
161 168 1935.158 1058.2102 274.05507948 -18.302155389 -5.1374 0.2002 113.494 20.9183 1.359 2.38 52.29486 274.0550795 -18.302155399999997 10.856459599999999 9.91891003 8.972488400000001 0.9375495699999998 1.8839711999999977 0.9464216299999979
162 169 101.0763 1014.646 273.1179865 -19.14709069 -5.8563 0.1148 220.043 23.254 1.671 5.54 52.04883 273.11798650000003 -19.1470907 10.781785000000001 8.85037708 7.53403044 1.9314079200000016 3.2477545600000006 1.316346639999999
